
Random:
Tester, accuracy
1       0.43
2       0.53
3       0.61
4       0.52
5       0.59
6       0.50
7       0.58
8       0.52
9       0.62
10      0.43
11      0.62
12      0.6
13      0.54
14      0.55
15      0.28
16      0.50
17      0.48
18      0.58

Seq:
Tester, accuracy
1       0.48
2       0.47
3       0.51
4       0.47
5       0.47
6       0.45
7       0.52
8       0.51
9       0.41
10      0.29
11      0.46
12      0.51
13      0.32
14      0.53
15      0.45
16      0.51
17      0.41
18      0.27